1441 0.0172664
1526 0.0163978
894 0.0104427
331 0.00337627
187 0.00201031
1597 0.0196708
952 0.00986131
952 0.011696
1050 0.0120716
1264 0.0152987
346 0.00388101
1069 0.012506
1041 0.0111982
921 0.0119136
914 0.0108302
1288 0.016634
471 0.00524026
1814 0.0211683
441 0.00433184
1502 0.0191372
1630 0.0190213
216 0.00279987
19 0.000261626
1776 0.01864
862 0.00960667
413 0.00391698
1108 0.0122874
1207 0.0149803
880 0.0102302
820 0.00768338
171 0.00209964
1935 0.0237983
438 0.00478699
1646 0.0207282
1392 0.01796
1531 0.0206137
386 0.00407594
1997 0.0254684
1817 0.0197045
1119 0.0128934
539 0.00606111
673 0.00820286
982 0.0107451
374 0.00438352
939 0.0112002
1294 0.0141973
1305 0.0156559
815 0.00981955
1909 0.022388
983 0.0109744
1653 0.0201757
1513 0.0177812
618 0.00700599
1665 0.019439
43 0.000491124
900 0.011096
1283 0.0137044
125 0.00153909
1495 0.0181904
687 0.008096
483 0.00541053
1752 0.0206139
725 0.00785093
833 0.00949744
932 0.0113028
1650 0.0199197
1004 0.012646
483 0.00518579
1122 0.0149255
283 0.00300806
1896 0.0226085
1463 0.0158461
1311 0.0142787
745 0.00933694
365 0.00418328
282 0.00286377
1248 0.0133368
569 0.00686163
427 0.00512768
1038 0.0119439
1350 0.0167579
1005 0.0116463
1241 0.0150689
598 0.00745688
584 0.00677747
181 0.002659
807 0.00949408
416 0.00476988
1643 0.018654
1313 0.0167451
73 0.00092875
800 0.00829044
786 0.00922247
2030 0.0260798
2021 0.0253332
1872 0.0194258
1421 0.0164565
616 0.00723591
578 0.00654273
131 0.00168764
781 0.00881278
299 0.00359096
426 0.0047388
1990 0.0259827
1235 0.0165492
2240 0.0267255
737 0.00817876
36 0.000506699
1660 0.019861
1106 0.0116789
1265 0.0153021
1642 0.016359
850 0.00808839
965 0.0109631
1645 0.0194537
451 0.00482387
1658 0.0208612
395 0.00457223
759 0.0092055
939 0.0105936
1869 0.0223075
1485 0.0186768
446 0.00537841
1675 0.0183167
2059 0.0224433
1497 0.0181829
1474 0.0170034
318 0.00401532
1325 0.0161224
378 0.00592631
441 0.00666963
1155 0.0140246
590 0.0068786
1689 0.0182179
536 0.0056415
379 0.00444491
662 0.00751883
933 0.0118611
1034 0.0102468
904 0.0108524
1862 0.0239734
1295 0.014299
1709 0.0199968
1519 0.0188973
950 0.0108797
426 0.00530787
2038 0.0216609
1610 0.0192374
1658 0.0203052
449 0.00508752
2045 0.0252721
277 0.00342774
1353 0.0166083
1238 0.0143927
941 0.0111401
1747 0.0208494
2184 0.0244852
1622 0.0181152
761 0.0092268
509 0.00550335
1556 0.0201724
61 0.000725301
147 0.00230211
814 0.00848397
1998 0.0228322
2003 0.0244419
1085 0.0122566
1085 0.0131593
1723 0.0201894
445 0.00497961
1765 0.0191617
697 0.00770007
1221 0.0133515
540 0.00619171
1140 0.0135771
1740 0.0210178
993 0.0115947
1012 0.0110124
1792 0.021411
765 0.00917372
558 0.00735512
1718 0.0188462
1020 0.012628
155 0.00188627
1769 0.0227319
1310 0.0152893
717 0.00853307
1245 0.0144963
1993 0.0221008
284 0.00318218
556 0.00625848
1393 0.0154061
836 0.00970312
1607 0.019131
1444 0.015858
492 0.00498618
1649 0.0192252
1832 0.0215383
1667 0.0204317
229 0.00325132
