4.62281e-005 0.00679912 1 0.0124163 0 0 0 0 0 0 201 ++
1.01779e-005 0.00319028 2 -0.0374957 0.00740948 0 0 0 0 0 103 ++
8.48701e-007 0.00092125 2 -0.000124474 0 1.18555e-005 0 0 0 0 141 --
8.4761e-007 0.000920657 3 0.000967555 -0.000203228 1.21161e-005 0 0 0 0 292 --
8.46763e-007 0.000920197 3 0.00021502 0 8.41644e-006 4.3745e-007 0 0 0 318 --
8.51052e-007 0.000922525 4 0.000293639 -1.95841e-005 8.71034e-006 4.03288e-007 0 0 0 637 --
0.000322734 0.0179648 3 -0.0614256 0 0.00012706 0 -4.55837e-008 0 0 148 **
7.33993e-005 0.00856734 4 -0.0643984 0 0.00114023 -0.00016608 8.41896e-008 0 0 319 --
5.89261e-006 0.00242747 5 -0.100097 0.029965 -0.000921098 0.000125755 -4.36319e-008 0 0 511 **
0.000176569 0.0132879 4 -0.0635319 0 0.000222003 0 -1.92117e-007 5.19441e-011 0 310 --
1.10003e-005 0.00331667 5 -0.0908765 0.0216331 -0.000106619 0 7.55211e-008 -1.7421e-011 0 578 **
4.18474e-005 0.00646896 5 -0.0664098 0 0.00192013 -0.00031175 3.69438e-007 -6.11798e-011 0 512 **
3.48863e-006 0.00186779 6 -0.107381 0.0371787 -0.00176887 0.000261383 -2.00911e-007 2.70306e-011 0 1085 --
0.000111526 0.0105606 5 -0.0649672 0 0.000341512 0 -5.11375e-007 3.07421e-010 -6.28841e-014 478 **
2.44615e-005 0.00494586 6 -0.0682196 0 0.00297229 -0.000527669 1.0972e-006 -4.12431e-010 6.73477e-014 981 --
2.40801e-006 0.00155178 7 -0.114436 0.044616 -0.00292535 0.000461393 -5.98239e-007 1.80626e-010 -2.59933e-014 1720 **
