1.91275e-008 0.000138302 1 0.000565784 0 0 0 0 0 0 14 --
2.05603e-008 0.000143389 2 0.000665346 -3.89686e-005 0 0 0 0 0 121 **
2.02081e-008 0.000142155 2 0.000637161 0 -5.31953e-006 0 0 0 0 155 **
1.64747e-008 0.000128354 3 -0.00164735 0.0015418 -0.000128013 0 0 0 0 292 **
1.58575e-008 0.000125926 3 -0.00102689 0 0.000475126 -0.000134968 0 0 0 260 **
1.55079e-008 0.000124531 4 0.00347801 -0.00977301 0.00413312 -0.000944112 0 0 0 423 **
1.53013e-008 0.000123698 3 -0.000261776 0 0.000143011 0 -5.58442e-006 0 0 299 **
1.53035e-008 0.000123707 4 0.00424317 0 -0.00174973 0.000753569 -3.53143e-005 0 0 666 **
2.02333e-008 0.000142244 5 0.000325548 -0.0719694 0.0408455 -0.0114577 0.000213148 0 0 593 --
1.51914e-008 0.000123253 4 0.00135282 0 -0.000269179 0 2.74188e-005 -8.35883e-007 0 649 **
1.67828e-008 0.000129548 5 -0.00214927 0.00567772 -0.00170727 0 8.56527e-005 -1.84473e-006 0 1241 **
4.0924e-008 0.000202297 5 -0.0942348 0 0.0480151 -0.0242363 0.00199196 -2.63808e-005 0 585 **
3.97973e-008 0.000199493 6 -0.0866435 -0.00914833 0.0493978 -0.023792 0.00186598 -2.43835e-005 0 740 **
4.30918e-007 0.000656444 5 -0.0990225 0 0.0336428 0 -0.00408921 0.000212855 -4.01965e-006 479 **
1.85857e-008 0.000136329 6 -0.0860268 0 0.0485845 -0.029531 0.00365043 -9.66478e-005 1.23178e-006 1184 --
3.15365e-008 0.000177585 7 0.0855447 -0.202462 0.062551 0.00391591 -0.00475935 0.000165669 -2.41536e-006 1123 **
