5 1270
7 1543
9 2088
11 2434
13 3696
15 5231
17 5090
19 7046
21 8019
23 9529
25 11022
27 12524
29 14710
31 17094
33 19000
35 13758
37 14938
39 15113
41 17003
43 24557
45 22161
47 22191
49 25334
51 29872
53 28071
55 31817
57 32258
59 37707
61 28344
63 32660
65 32044
67 37264
69 38276
71 37676
73 45456
75 45620
77 43632
79 46692
81 50876
83 56472
85 59768
87 58968
89 66176
91 68872
93 70776
95 69912
97 77152
99 83964
101 81120
103 86236
105 90132
107 95620
109 92200
111 95184
113 101904
115 110828
117 110588
119 119048
121 126188
123 117436
125 128020
127 136324
129 134432
131 151144
133 147544
135 153416
137 149212
139 159844
141 167836
143 163524
145 172536
147 181396
149 195420
151 183648
153 195624
155 203692
157 214924
159 234236
161 221240
163 225320
165 228496
167 243984
169 250164
171 261440
173 249728
175 263496
177 273420
179 271368
181 283564
183 280732
185 294212
187 311656
189 315728
191 332544
193 342116
195 340640
197 361760
199 353044
201 373124
203 345328
205 389368