1.24015e+10 111362 1 124727 0 0 0 0 0 0 101 ++
4.66358e+09 68290.4 2 -342638 106072 0 0 0 0 0 343 ++
1.03819e+09 32221 2 -66363.9 0 1819.91 0 0 0 0 334 ++
3.82914e+08 19568.2 3 172451 -78717.6 2848.72 0 0 0 0 776 ++
1.33358e+08 11548.1 3 55453.3 0 -7333.26 1655.1 0 0 0 686 ++
5.28326e+07 7268.6 4 -98087.5 86118 -16553.2 3118.74 0 0 0 1407 --
4.13561e+07 6430.87 3 12040.5 0 -339.421 0 10.2825 0 0 778 --
3.24956e+07 5700.49 4 -9884.42 0 2860.12 -740.946 14.5592 0 0 1251 --
3.29621e+07 5741.26 5 -14934.2 4692.59 1852.37 -542.874 13.849 0 0 1511 --
3.34079e+07 5779.96 4 2655.59 0 151.691 0 4.54349 0.0182192 0 1260 --
3.32617e+07 5767.29 5 -3966.35 4086.27 -115.83 0 6.42406 0.0135663 0 1524 --
3.35783e+07 5794.68 5 2069.12 0 410.075 -78.1557 5.86721 0.0155373 0 1501 --
3.37635e+07 5810.64 6 124.434 945.166 440.46 -103.375 6.63938 0.0138567 0 1513 --
3.31527e+07 5757.84 5 -360.323 0 405.187 0 -0.716752 0.056915 -9.24509e-05 1356 **
3.35542e+07 5792.6 6 -410.661 0 252.468 59.9499 -2.72468 0.0665136 -0.000110871 1431 **
3.38166e+07 5815.2 7 -214.717 -574.419 883.646 -151.851 3.15105 0.0396632 -6.02409e-05 2792 **
