933 0,0273698
443 0,0129592
1195 0,0368256
1884 0,0592908
1671 0,0541711
89 0,00244319
777 0,0251382
956 0,030415
510 0,0160539
71 0,00211479
653 0,0217185
926 0,0300364
771 0,0238684
913 0,0294889
1211 0,0371985
1928 0,0652723
1512 0,0446639
183 0,00635688
1627 0,0525957
877 0,0291771
152 0,00596787
1199 0,0414197
836 0,0289208
1012 0,0384035
530 0,0214223
125 0,00515422
941 0,0304234
347 0,011458
991 0,0324857
1355 0,0434725
492 0,0173199
1499 0,0479884
549 0,0223359
278 0,0106508
81 0,00248572
578 0,0209034
889 0,0269517
1673 0,0604707
1182 0,0402577
59 0,00191414
349 0,0134996
833 0,0255162
781 0,0244938
806 0,0287798
610 0,0198427
1654 0,0573122
668 0,0209752
1135 0,0408893
484 0,0193548
474 0,0175191
287 0,0106405
515 0,0197844
1448 0,0491338
1504 0,050511
1184 0,0393635
988 0,0337787
1815 0,0584429
319 0,0115805
1332 0,044388
1754 0,0622288
443 0,01628
59 0,00183096
468 0,0184989
716 0,0245605
1365 0,0466022
1323 0,0439214
675 0,0259416
1524 0,0519229
1061 0,0407138
1191 0,0462464
677 0,0238314
1570 0,0578321
1603 0,053627
1583 0,0552901
227 0,00765132
438 0,0164744
1280 0,0473558
162 0,00624039
874 0,0291659
1503 0,0493443
279 0,0108136
191 0,00759454
322 0,0135202
818 0,0311861
1325 0,0460992
775 0,0256932
156 0,00504582
188 0,00650627
418 0,0153806
1505 0,0513484
371 0,0126582
589 0,022115
374 0,0139059
1620 0,0577493
530 0,0180934
837 0,0299309
125 0,00589705
10 0,000491054
920 0,0316776
168 0,00700306
1443 0,0490581
788 0,0281179
1534 0,0518088
797 0,0282991
1021 0,0337527
641 0,0216787
320 0,0116841
1517 0,0502612
587 0,0220284
277 0,0119954
106 0,00469138
1081 0,0324327
778 0,0272294
355 0,0130963
316 0,0135804
1360 0,0464086
1132 0,038976
852 0,030465
799 0,0253677
1791 0,0595665
350 0,0124843
1412 0,0403424
1058 0,0407038
114 0,00386774
55 0,00207226
1488 0,0543528
136 0,00470367
298 0,0109091
330 0,0126077
623 0,0208281
1043 0,0395035
1127 0,0360555
1486 0,046656
695 0,0264175
156 0,00713897
7 0,00144676
383 0,0151749
1415 0,0449713
1068 0,0324223
1826 0,0594511
1577 0,0524996
1277 0,0404592
822 0,0326129
1547 0,0565527
116 0,00474537
1637 0,0518032
1492 0,0452884
471 0,0172632
1251 0,0485206
1144 0,0433604
336 0,0116826
486 0,0157975
1541 0,0520375
258 0,00857721
120 0,00447194
1152 0,0390219
105 0,00314048
553 0,0230248
1065 0,0336018
1186 0,0377166
474 0,0162554
386 0,0135222
459 0,014566
390 0,0144201
822 0,0271164
1122 0,0355065
1495 0,0513604
941 0,0318598
533 0,0175655
1270 0,0430435
1039 0,0316544
1129 0,0396194
540 0,0169008
1429 0,039997
245 0,00926975
237 0,00793474
160 0,00565994
876 0,0310896
214 0,00758225
1080 0,0311109
1263 0,0385539
1412 0,0471116
993 0,0306415
803 0,0305459
285 0,00956218
727 0,0246456
648 0,0227338
586 0,0213429
1082 0,0361378
403 0,0153517
251 0,010928
1474 0,0496069
1004 0,0322549
1132 0,0357427
646 0,0230839
1498 0,0451889
1699 0,0599182
17 0,000707353
703 0,0220393
1469 0,0445904
