0,000282693 0,0168135 1 0,0283967 0 0 0 0 0 0 201 ++
6,58969e-005 0,00811769 2 -0,0693515 0,0152249 0 0 0 0 0 112 ++
5,42609e-006 0,0023294 2 0,0011483 0 3,256e-005 0 0 0 0 153 --
5,4075e-006 0,0023254 3 -0,00117333 0,000461866 3,17915e-005 0 0 0 0 302 --
5,42297e-006 0,00232873 3 0,000546378 0 4,03686e-005 -1,02179e-006 0 0 0 293 **
5,43405e-006 0,0023311 4 -0,00155853 0,000581989 2,8763e-005 3,7006e-007 0 0 0 513 --
0,000479058 0,0218874 3 -0,0615195 0 0,000175756 0 -6,76043e-008 0 0 146 **
0,000114681 0,0107089 4 -0,0647178 0 0,00146347 -0,00021727 1,33334e-007 0 0 275 --
2,91233e-005 0,0053966 5 -0,101665 0,0314149 -0,00103604 0,000146612 -5,8452e-008 0 0 533 **
0,000275499 0,0165982 4 -0,0636367 0 0,000303134 0 -2,98796e-007 9,59296e-011 0 284 --
3,53491e-005 0,00594551 5 -0,092444 0,0229154 -0,00010867 0 1,02252e-007 -2,69322e-011 0 560 **
7,16205e-005 0,00846289 5 -0,0668122 0 0,00234853 -0,000389486 5,44347e-007 -1,05176e-010 0 446 **
2,4732e-005 0,00497313 6 -0,112129 0,0417514 -0,00235699 0,000362859 -3,48915e-007 5,7935e-011 0 841 --
0,000177519 0,0133236 5 -0,0651078 0 0,0004567 0 -7,89212e-007 5,58203e-010 -1,33125e-013 498 **
5,24581e-005 0,0072428 6 -0,0685636 0 0,00335946 -0,000606843 1,44278e-006 -6,2429e-010 1,1767e-013 943 --
2,02316e-005 0,00449795 7 -0,128791 0,0591042 -0,00514062 0,000852291 -1,43818e-006 5,38074e-010 -9,31785e-014 1782 **
